100206
100307
100408
100610
101006
101107
101309
101410
101915
102008
102311
102513
102614
102715
102816
103111
103212
103414
103515
104416
104820
105014
105115
105216
105923
106016
106319
106521
107018
107321
107422
108121
108222
108323
108525
108828
109123
109325
110007
110411
111312
111413
111514
111716
112112
112314
112516
112920
113215
113619
113922
114217
114318
114419
114621
114823
114924
115017
115320
115825
116524
116726
117122
117324
117930
118023
118124
118225
118528
118730
118831
118932
119126
120111
120212
120515
120717
121416
121618
121921
122317
122620
122822
123117
123420
123521
123824
123925
124220
124422
124624
124826
125525
126325
126628
127226
127630
127933
128026
128127
128329
128632
128935
129028
129129
129331
129634
130013
130316
130417
130518
130619
130720
130821
130922
131217
131419
131722
131823
131924
132017
132118
133019
133625
133827
133928
134021
134223
134324
134425
134728
134829
135225
135528
135730
135932
136126
136227
136631
136732
136833
137027
137128
137229
137431
137532
137633
137936
138231
138332
138534
138837
139233
139435
139637
139839
140117
140420
140824
140925
141119
141422
141826
142828
143325
143426
143830
144226
144428
144731
144832
145127
145834
146129
146331
146432
146533
146735
146937
147030
147737
148032
148133
148335
148436
148840
148941
149236
149337
149539
149741
149842
150423
150524
150625
150726
150928
151223
151425
151526
